3,2
3,1
3,3
10,158
10,240
10,99
10,242
10,114
10,203
10,24
10,283
11,7
11,8
11,11
11,19
9,5
8,9
8,15
8,13
8,7
8,4
8,10
8,17
2,2
2,1
2,3
93,10
93,9
93,8
93,7
93,6
93,5
93,4
93,3
93,2
93,1
93,0
88,5
88,4
88,3
88,2
88,1
88,0
86,7
86,6
86,5
86,4
86,3
86,2
86,1
86,0
85,4
85,3
85,2
85,1
85,0
70,5
70,4
70,3
70,2
70,1
70,0
64,5
64,4
64,3
64,2
64,1
64,0
55,5
55,4
55,3
55,2
55,1
55,0
49,5
49,4
49,3
49,2
49,1
34,5
34,3
34,1
27,3
27,1
24,3
24,2
24,1
20,3
20,2
20,1
19,3
19,2
19,1
18,3
18,1
14,3
14,1
13,3
13,1
12,3
12,2
12,1
11,30
11,29
11,28
11,27
11,26
11,25
11,24
11,23
11,22
11,21
11,20
11,18
11,17
11,16
11,15
